camera_matrix:
- [629.400223, 0.000000, 325.240410]
- [0.000000, 627.585852, 262.311140]
- [0.000000, 0.000000, 1.000000]
dist_coeff: [0.125965, -0.081474, 0.007078, -0.000039, 0.000000]