camera_matrix:
- [3351.9204437312583, 0.0, 1013.7729931982991]
- [0.0, 3360.7590287846233, 609.3427623503417]
- [0.0, 0.0, 1.0]
dist_coeff: [-0.006308704676316953, -0.18288033123832262, 0.0011954217872577257, 0.0017823204255361577, 0.0]