camera_matrix:
- [3454.74843689585, 0.0, 991.5809361517329]
- [0.0, 3466.8617172222275, 699.4890854222097]
- [0.0, 0.0, 1.0]
dist_coeff: [-0.06688492179349102, 0.4091077008772281, 0.010275657520715641, 0.0009418607638638537, 0.0]