sensors:
  rgb_left:
    x: 0.013147682599923403
    y: 0.004932080385872361
    z: 0.01670607537380214
    roll: -0.004344655046720239
    pitch: 0.0035488503319251762
    yaw: -0.0038037203878141723
  rgb_right:
    x: 0.015197696967586381
    y: -0.0051189492003276636
    z: 0.008520762644688006
    roll: -0.004754345203198502
    pitch: -0.0043054580005877545
    yaw: 0.004056468848989939
